32
15
14
22
32
18
18
13
32
19
18
16
32
21
14
16
32
22
18
20
32
15
22
15
32
23
21
18
32
19
18
14
32
23
18
18
32
18
19
14
32
14
14
21
32
16
13
15
32
15
16
16
32
21
15
13
32
20
18
13
32
20
13
13
32
17
13
15
32
14
22
13
32
16
23
13
32
18
18
14
32
14
18
18
32
18
19
18
32
20
16
23
32
18
18
16
32
19
13
19
32
21
18
20
32
22
19
18
32
18
17
21
32
13
13
18
32
22
22
14
32
15
20
18
32
23
13
17
32
19
21
19
32
19
14
21
32
19
16
17
32
13
21
21
32
13
23
18
32
18
23
18
32
18
17
17
32
21
20
20
32
23
18
14
32
19
17
16
32
22
20
13
32
21
13
13
32
18
20
17
32
19
19
18
32
13
16
16
32
14
18
19
32
19
17
18
32
15
20
19
32
22
22
14
32
19
15
14
32
23
18
23
32
21
16
22
32
14
17
18
32
14
14
22
32
17
23
13
32
13
18
18
32
20
20
23
32
16
15
17
32
15
15
15
32
18
23
14
32
18
19
14
32
14
16
18
